READ SERR 1 2
@mod_th2f2prb.pco
!
1.98000002 1.99999809E-2 9687.86328 100.568367 5137.3374 104.461212 5032.87598
2.01999998 1.99999809E-2 9815.5293 100.976837 6333.76025 133.620087 6200.14014
2.05999994 1.99999809E-2 10014.6963 102.03051 7302.64453 159.492859 7143.15186
2.0999999 1.99999809E-2 10162.5146 102.544312 7998.29443 181.130692 7817.16406
2.13999987 2.00001001E-2 10278.9424 103.124992 8511.75391 198.998062 8312.75586
2.18000007 1.99999809E-2 10238.042 102.888016 8800.87598 213.161438 8587.71484
2.22000003 1.99999809E-2 10250.5889 102.903595 9008.01758 226.519669 8781.49805
2.25999999 1.99999809E-2 10259.0068 102.991913 9123.43457 238.568176 8884.86719
2.29999995 1.99999809E-2 10038.3232 101.897614 9119.38672 248.914413 8870.47266
2.33999991 1.99999809E-2 9726.55176 100.338234 9049.95215 257.836945 8792.11523
2.38000011 2.00001001E-2 9287.16113 97.9794388 8890.78125 263.748352 8627.03223
2.42000008 1.99999809E-2 8658.03906 94.6567688 8604.22266 264.843231 8339.37891
2.46000004 1.99999809E-2 8301.37109 92.7185287 8207.57812 261.049561 7946.52832
2.5 1.99999809E-2 7692.4541 89.2314758 7787.82129 255.413742 7532.40771
2.53999996 1.99999809E-2 6920.57715 84.5220642 7199.54492 243.337051 6956.20801
2.57999992 1.99999809E-2 6420.27246 81.30159 6640.06885 231.329041 6408.73975
2.61999989 2.00001001E-2 5930.50488 78.1054459 6093.99365 219.016388 5874.97705
2.66000009 1.99999809E-2 5569.79639 75.5087662 5599.27441 208.526581 5390.74805
2.70000005 1.99999809E-2 5179.37549 72.9063873 5206.17432 201.243103 5004.93115
2.74000001 1.99999809E-2 5127.60693 72.5582581 4887.89062 196.719925 4691.17041
2.77999997 1.99999809E-2 4793.67285 70.1819305 4609.28516 193.796051 4415.48926
2.81999993 1.99999809E-2 4616.09814 68.813446 4394.12012 193.368103 4200.75195
2.86000013 2.00001001E-2 4465.60889 67.6303406 4193.27832 193.506836 3999.77124
2.9000001 1.99999809E-2 4201.76709 65.5921402 4022.47314 195.192383 3827.28076
2.94000006 1.99999809E-2 4042.03516 64.2902985 3832.74072 195.786301 3636.95435
2.98000002 1.99999809E-2 3737.87988 61.8652496 3643.75391 196.123001 3447.63086
3.01999998 1.99999809E-2 3600.73657 60.6368027 3456.00684 196.011185 3259.99561
3.05999994 1.99999809E-2 3263.40942 57.7739296 3261.8916 194.530212 3067.36157
3.0999999 1.99999809E-2 3071.84839 56.0669708 3052.40186 191.147873 2861.25391
3.13999987 2.00001001E-2 2751.41138 52.9274406 2837.4895 185.914597 2651.57495
3.18000007 1.99999809E-2 2505.36182 50.5960693 2632.08813 179.817993 2452.27002
3.22000003 1.99999809E-2 2385.66406 49.3651199 2429.89087 172.555344 2257.33569
3.25999999 1.99999809E-2 2146.92554 46.8422356 2245.75171 165.476486 2080.27515
3.29999995 1.99999809E-2 1958.24487 44.7401161 2052.50635 156.969025 1895.53748
3.33999991 1.99999809E-2 1866.74158 43.6532936 1889.48889 150.010773 1739.47815
3.38000011 2.00001001E-2 1694.8103 41.666069 1741.72156 143.73938 1597.98218
3.42000008 1.99999809E-2 1550.06079 39.7009621 1601.92126 137.688187 1464.23315
3.46000004 1.99999809E-2 1425.32751 38.0116348 1478.37317 132.575272 1345.79785
3.5 1.99999809E-2 1326.43921 36.7150955 1362.51257 128.083206 1234.42932
3.53999996 1.99999809E-2 1199.45361 34.8885307 1255.64233 123.952026 1131.69031
3.57999992 1.99999809E-2 1199.63757 34.8355484 1159.54175 120.82637 1038.71533
3.61999989 2.00001001E-2 1064.98999 32.8992577 1071.17688 118.438393 952.738525
3.66000009 1.99999809E-2 993.461426 31.824316 987.016663 116.605927 870.410767
3.70000005 1.99999809E-2 901.203857 30.3359146 912.338257 115.46624 796.872009
3.74000001 1.99999809E-2 897.46405 30.1256332 845.87616 114.970825 730.905396
3.77999997 1.99999809E-2 765.490295 27.9434319 781.119568 113.766319 667.353271
3.81999993 1.99999809E-2 755.506104 27.7055035 722.199219 112.19529 610.003967
3.86000013 2.00001001E-2 679.888367 26.3391457 667.743469 109.559517 558.18396
3.92000008 3.99999619E-2 579.018494 17.1203194 586.012329 101.965416 484.046936
4 3.99999619E-2 474.055298 15.5654373 486.499939 88.4644165 398.035522
4.07999992 3.99999619E-2 374.572998 13.809082 400.323914 74.1714935 326.152405
4.17999983 5.99999428E-2 300.001831 10.0985346 315.189697 60.307045 254.88266
4.30000019 6.00001812E-2 223.562881 8.67973804 239.102066 49.607811 189.494247
4.44000006 7.99999237E-2 174.711609 6.68066931 175.099838 41.3099403 133.789902
4.61999989 9.99999046E-2 117.838135 4.92523003 117.830048 32.58004 85.2500076
4.81999969 0.100000143 74.0976105 3.91002202 75.710907 24.3073769 51.4035263
5.01999998 9.99999046E-2 50.8000145 3.24131799 49.0016632 17.9373188 31.0643444
5.22000027 0.100000143 35.9788971 2.69606757 32.2727242 13.3929672 18.8797569
5.42000008 9.99999046E-2 24.3957996 2.2237823 21.6924973 10.1390476 11.5534496
5.61999989 9.99999046E-2 15.314064 1.76433265 14.7671757 7.68423414 7.08294201
5.81999969 0.100000143 10.0714626 1.42567837 10.1099977 5.78940201 4.32059526
6.01999998 9.99999046E-2 9.14743996 1.3783443 7.03430271 4.39154434 2.64275813
6.22000027 0.100000143 5.00866222 1.012712 5.17402172 3.54629874 1.62772298
6.42000008 9.99999046E-2 3.25729346 0.797989905 4.27940941 3.26081014 1.01859927
6.61999989 9.99999046E-2 3.0291729 0.790652037 3.07031679 2.45473599 0.615580678
6.81999969 0.100000143 1.51169169 0.539478719 1.83683002 1.4700011 0.366828829
7.01999998 9.99999046E-2 1.04967189 0.473994583 1.20918453 0.986816168 0.222368345
7.22000027 0.100000143 1.2835716 0.528564155 0.856027663 0.720404744 0.135622919
7.42000008 9.99999046E-2 0.407884479 0.291513562 0.61333245 0.530978084 8.23543891E-2
7.61999989 9.99999046E-2 1.04967189 0.473994583 0.441946566 0.391721219 5.02253622E-2
7.81999969 0.100000143 0.34796235 0.246046528 0.318314135 0.287634999 3.06791142E-2
8.02000046 9.99999046E-2 0 0 0.230074719 0.211273178 1.88015364E-2
8.21999931 9.99999046E-2 0.347963184 0.246047124 0.166810587 0.155287847 1.15227345E-2
8.42000008 0.100000381 0 0 0.121394731 0.114324011 7.07072206E-3
8.62000084 9.99999046E-2 0 0 8.84247124E-2 8.40854719E-2 4.33924561E-3
8.81999969 9.99999046E-2 0 0 6.4494513E-2 6.18304983E-2 2.66401842E-3
9.02000046 9.99999046E-2 0 0 4.70452532E-2 4.54103425E-2 1.63490907E-3
9.21999931 9.99999046E-2 0 0 3.4274403E-2 3.32727656E-2 1.00163673E-3
9.42000008 0.100000381 0 0 2.494305E-2 2.43300647E-2 6.1298511E-4
9.62000084 9.99999046E-2 0 0 1.81089938E-2 1.77347697E-2 3.7422459E-4
9.81999969 9.99999046E-2 0 0 1.30514363E-2 1.28244516E-2 2.26984688E-4
10.0200005 9.99999046E-2 0 0 9.20835976E-3 9.0734316E-3 1.34928283E-4
10.2199993 9.99999046E-2 0 0 6.38890825E-3 6.31029624E-3 7.86120218E-5
10.4200001 0.100000381 0 0 4.52526193E-3 4.47878847E-3 4.6473273E-5
10.6200008 9.99999046E-2 0 0 3.29951243E-3 3.27114132E-3 2.83712088E-5
10.8199997 9.99999046E-2 0 0 2.40357569E-3 2.38621328E-3 1.73624467E-5
11.0200005 9.99999046E-2 0 0 1.73773977E-3 1.72720139E-3 1.05383933E-5
11.2199993 9.99999046E-2 0 0 1.25258649E-3 1.24621147E-3 6.3750349E-6
11.4200001 0.100000381 0 0 8.89710849E-4 8.85901682E-4 3.80917299E-6
11.6200008 9.99999046E-2 0 0 6.2096148E-4 6.18730846E-4 2.23061215E-6
11.8199997 9.99999046E-2 0 0 4.37077135E-4 4.35765338E-4 1.31179809E-6
12.0200005 9.99999046E-2 0 0 3.1437233E-4 3.13584431E-4 7.87895488E-7
12.2199993 9.99999046E-2 0 0 2.28454039E-4 2.27975717E-4 4.78314234E-7
12.4200001 0.100000381 0 0 1.68307059E-4 1.6801228E-4 2.94782353E-7
12.6200008 9.99999046E-2 0 0 1.23896069E-4 1.23714446E-4 1.81619555E-7
12.8199997 9.99999046E-2 0 0 9.10307863E-5 9.09190567E-5 1.11729989E-7
13.0200005 9.99999046E-2 0 0 6.66377528E-5 6.65692787E-5 6.84696033E-8
13.2199993 9.99999046E-2 0 0 4.84193042E-5 4.83776785E-5 4.16275263E-8
13.4200001 0.100000381 0 0 3.50237824E-5 3.49986731E-5 2.5107779E-8
13.6200008 9.99999046E-2 0 0 2.53900598E-5 2.53750186E-5 1.50404276E-8
13.8199997 9.99999046E-2 0 0 1.84991713E-5 1.84901837E-5 8.98680153E-9
14.0200005 9.99999046E-2 0 0 1.35344899E-5 1.35290738E-5 5.4164464E-9
14.2199993 9.99999046E-2 0 0 9.94269431E-6 9.93939011E-6 3.30365668E-9
14.4200001 0.100000381 0 0 7.30826605E-6 7.30624424E-6 2.02162043E-9
14.6200008 9.99999046E-2 0 0 5.39121629E-6 5.38997392E-6 1.24231048E-9
14.8199997 9.99999046E-2 0 0 3.97294116E-6 3.972179E-6 7.61867736E-10
14.96 3.99999619E-2 0 0 3.19585388E-6 3.19531819E-6 5.35847533E-10
NO NO NO NO NO NO NO
1.98000002 1.99999809E-2 3079.33105 31.9661083 1632.92578 32.1706352 1600.75513
2.01999998 1.99999809E-2 2468.28394 25.3923645 1592.73303 100.991936 1491.74109
2.05999994 1.99999809E-2 1624.17517 16.5472221 1184.33679 19.8249149 1164.51196
2.0999999 1.99999809E-2 1399.09192 14.1174622 1101.13977 16.7514782 1084.38831
2.13999987 2.00001001E-2 2575.80005 25.8420906 2132.96021 23.8519077 2109.10815
2.18000007 1.99999809E-2 2397.146 24.0903091 2060.64648 57.6384277 2003.00806
2.22000003 1.99999809E-2 1326.18677 13.3133211 1165.42712 16.8536835 1148.57349
2.25999999 1.99999809E-2 912.265381 9.15838718 811.286499 13.8718987 797.414612
2.29999995 1.99999809E-2 1066.83691 10.8293123 969.175659 25.5272427 943.648438
2.33999991 1.99999809E-2 674.004578 6.9529705 627.119385 17.2309189 609.888489
2.38000011 2.00001001E-2 578.056702 6.09849119 553.384949 21.8137398 531.571228
2.42000008 1.99999809E-2 1151.24219 12.5863218 1144.0863 28.7814045 1115.30493
2.46000004 1.99999809E-2 1289.04102 14.3973789 1274.47668 44.5703278 1229.90637
2.5 1.99999809E-2 321.52301 3.72962546 325.509094 10.7218628 314.787231
2.53999996 1.99999809E-2 273.926666 3.3455081 284.968628 8.03886318 276.929779
2.57999992 1.99999809E-2 245.348068 3.10690689 253.747513 8.95590973 244.791595
2.61999989 2.00001001E-2 218.608475 2.87909913 224.634933 8.30115032 216.333786
2.66000009 1.99999809E-2 197.128662 2.6724391 198.171967 6.64456701 191.527405
2.70000005 1.99999809E-2 173.715485 2.44526911 174.614304 6.21515036 168.399139
2.74000001 1.99999809E-2 162.471069 2.29904842 154.875519 5.79538059 149.080139
2.77999997 1.99999809E-2 144.569931 2.1165812 139.009079 5.42000961 133.589081
2.81999993 1.99999809E-2 185.2733 2.76191974 176.363892 6.13822937 170.225662
2.86000013 2.00001001E-2 115.766182 1.75324488 108.706291 4.67119694 104.035095
2.9000001 1.99999809E-2 119.409752 1.86405885 114.314415 6.26859474 108.045815
2.94000006 1.99999809E-2 105.471306 1.67756629 100.010063 4.40787315 95.6021881
2.98000002 1.99999809E-2 82.5386505 1.36608827 80.4601898 3.90130281 76.5588913
3.01999998 1.99999809E-2 84.2804871 1.41929269 80.8928757 4.3186264 76.5742493
3.05999994 1.99999809E-2 61.2795334 1.08486521 61.2510338 3.31809235 57.9329414
3.0999999 1.99999809E-2 74.9512558 1.36800051 74.4767761 4.88766766 69.5891037
3.13999987 2.00001001E-2 62.1856155 1.19623184 64.1311035 5.35734034 58.7737617
3.18000007 1.99999809E-2 41.0438232 0.828884721 43.1199036 2.81768584 40.3022156
3.22000003 1.99999809E-2 36.6709633 0.758810282 37.3507919 2.48901248 34.8617783
3.25999999 1.99999809E-2 32.1491203 0.701438665 33.6289902 2.35586452 31.2731266
3.29999995 1.99999809E-2 28.5626965 0.652573347 29.9375839 2.1864965 27.7510872
3.33999991 1.99999809E-2 26.2325382 0.613441527 26.5521984 2.04044819 24.5117512
3.38000011 2.00001001E-2 23.0785847 0.5673756 23.7173862 1.89783525 21.8195515
3.42000008 1.99999809E-2 20.5057945 0.525205076 21.1918602 1.77144432 19.4204159
3.46000004 1.99999809E-2 18.1462154 0.483935982 18.8215523 1.65265703 17.1688957
3.5 1.99999809E-2 16.3651066 0.452977002 16.8101654 1.53776097 15.2724037
3.53999996 1.99999809E-2 14.3622036 0.417753726 15.0350046 1.43372226 13.6012821
3.57999992 1.99999809E-2 13.9456749 0.404959977 13.4795647 1.34494245 12.1346226
3.61999989 2.00001001E-2 13.0255117 0.402379066 13.101182 1.36480224 11.7363806
3.66000009 1.99999809E-2 10.817112 0.346512884 10.7469387 1.17268944 9.57424927
3.70000005 1.99999809E-2 9.66404152 0.325306565 9.78344059 1.1698494 8.61359119
3.74000001 1.99999809E-2 9.169981 0.307813406 8.64287376 1.0161134 7.62676001
3.77999997 1.99999809E-2 8.03649426 0.293363899 8.20057774 1.00755942 7.19301844
3.81999993 1.99999809E-2 7.40565538 0.271576107 7.07917356 0.898923874 6.18024969
3.86000013 2.00001001E-2 8.80043888 0.340932518 8.64323616 2.1983304 6.44490528
3.92000008 3.99999619E-2 6.07802916 0.179714113 6.15144444 1.42336774 4.72807693
4 3.99999619E-2 4.0979948 0.134556204 4.20557308 0.655911624 3.54966164
4.07999992 3.99999619E-2 3.16487074 0.11667674 3.382447 0.567138493 2.81530857
4.17999983 5.99999428E-2 2.47083664 8.31722617E-2 2.59592509 0.478026241 2.11789894
4.30000019 6.00001812E-2 1.76933515 6.86937198E-2 1.8923161 0.389551818 1.50276434
4.44000006 7.99999237E-2 1.3508631 5.16546667E-2 1.35386503 0.331095159 1.02276981
4.61999989 9.99999046E-2 0.847124398 3.5406895E-2 0.847066283 0.234104082 0.612962186
4.81999969 0.100000143 0.516967237 2.72796024E-2 0.528222919 0.174799487 0.353423446
5.01999998 9.99999046E-2 0.330164164 2.10662745E-2 0.31847617 0.11748758 0.200988576
5.22000027 0.100000143 0.222778216 1.66938175E-2 0.199829921 8.37537944E-2 0.116076119
5.42000008 9.99999046E-2 0.143532619 1.30836181E-2 0.127627745 6.02345951E-2 6.73931614E-2
5.61999989 9.99999046E-2 8.57224166E-2 9.8760752E-3 8.26611444E-2 4.33591716E-2 3.93019691E-2
5.81999969 0.100000143 5.40438294E-2 7.65024126E-3 5.42506091E-2 3.12500633E-2 2.30005439E-2
6.01999998 9.99999046E-2 4.69239242E-2 7.07053812E-3 3.60840932E-2 2.25554947E-2 1.35285994E-2
6.22000027 0.100000143 2.3517333E-2 4.75501921E-3 2.42937524E-2 1.63110606E-2 7.98269082E-3
6.42000008 9.99999046E-2 1.90278497E-2 4.66154842E-3 2.49986555E-2 1.98328607E-2 5.16579486E-3
6.61999989 9.99999046E-2 1.37696397E-2 3.59404832E-3 1.39566669E-2 1.11464839E-2 2.81018252E-3
6.81999969 0.100000143 6.47024577E-3 2.30904226E-3 7.86188245E-3 6.18699519E-3 1.67488703E-3
7.01999998 9.99999046E-2 4.76505421E-3 2.15172954E-3 5.48917288E-3 4.48773429E-3 1.00143848E-3
7.22000027 0.100000143 5.84654044E-3 2.40755687E-3 3.89912003E-3 3.29140085E-3 6.07719237E-4
7.42000008 9.99999046E-2 1.83705601E-3 1.31293724E-3 2.76236585E-3 2.40056426E-3 3.6180162E-4
7.61999989 9.99999046E-2 4.64587053E-3 2.0979105E-3 1.95606519E-3 1.7385144E-3 2.17550929E-4
7.81999969 0.100000143 1.52797904E-3 1.08044432E-3 1.39778724E-3 1.26641325E-3 1.31373949E-4
8.02000046 9.99999046E-2 0 0 9.92508372E-4 9.12920921E-4 7.95874439E-5
8.21999931 9.99999046E-2 1.4909117E-3 1.05423375E-3 7.14730413E-4 6.66473992E-4 4.82563955E-5
8.42000008 0.100000381 0 0 5.15529362E-4 4.86211356E-4 2.93180165E-5
8.62000084 9.99999046E-2 0 0 3.72409093E-4 3.54574469E-4 1.7834629E-5
8.81999969 9.99999046E-2 0 0 2.69719458E-4 2.58842047E-4 1.08774229E-5
9.02000046 9.99999046E-2 0 0 1.95792469E-4 1.89154016E-4 6.63844321E-6
9.21999931 9.99999046E-2 0 0 1.42507895E-4 1.38453863E-4 4.05402852E-6
9.42000008 0.100000381 0 0 1.0376452E-4 1.01285892E-4 2.47862567E-6
9.62000084 9.99999046E-2 0 0 7.56622176E-5 7.41440381E-5 1.51818119E-6
9.81999969 9.99999046E-2 0 0 5.52561323E-5 5.43249553E-5 9.31176714E-7
10.0200005 9.99999046E-2 0 0 4.04014427E-5 3.98303309E-5 5.71112025E-7
10.2199993 9.99999046E-2 0 0 2.95888203E-5 2.92383775E-5 3.5044323E-7
10.4200001 0.100000381 0 0 2.16794506E-5 2.1464155E-5 2.15296708E-7
10.6200008 9.99999046E-2 0 0 1.58853127E-5 1.57528721E-5 1.32440007E-7
10.8199997 9.99999046E-2 0 0 1.16631954E-5 1.15816938E-5 8.15012413E-8
11.0200005 9.99999046E-2 0 0 8.57114628E-6 8.52101039E-6 5.01351991E-8
11.2199993 9.99999046E-2 0 0 6.30009754E-6 6.26922883E-6 3.08684847E-8
11.4200001 0.100000381 0 0 4.63586093E-6 4.61683476E-6 1.90261993E-8
11.6200008 9.99999046E-2 0 0 3.41005807E-6 3.39832036E-6 1.17378178E-8
11.8199997 9.99999046E-2 0 0 2.51401775E-6 2.50677476E-6 7.24300708E-9
12.0200005 9.99999046E-2 0 0 1.85488136E-6 1.85041347E-6 4.46786252E-9
12.2199993 9.99999046E-2 0 0 1.36802259E-6 1.36526501E-6 2.75764633E-9
12.4200001 0.100000381 0 0 1.00975603E-6 1.00805266E-6 1.7033861E-9
12.6200008 9.99999046E-2 0 0 7.4619561E-7 7.45142643E-7 1.05297526E-9
12.8199997 9.99999046E-2 0 0 5.51924074E-7 5.5127316E-7 6.50911325E-10
13.0200005 9.99999046E-2 0 0 4.0869034E-7 4.08288088E-7 4.02247791E-10
13.2199993 9.99999046E-2 0 0 3.02398689E-7 3.02149999E-7 2.48699672E-10
13.4200001 0.100000381 0 0 2.23988778E-7 2.23834903E-7 1.53875662E-10
13.6200008 9.99999046E-2 0 0 1.66304858E-7 1.66210754E-7 9.41049461E-11
13.8199997 9.99999046E-2 0 0 1.23365623E-7 1.23309277E-7 5.63458238E-11
14.0200005 9.99999046E-2 0 0 9.16886265E-8 9.16537459E-8 3.48810286E-11
14.2199993 9.99999046E-2 0 0 6.80839989E-8 6.80623984E-8 2.15963671E-11
14.4200001 0.100000381 0 0 5.0645113E-8 5.06317335E-8 1.33771249E-11
14.6200008 9.99999046E-2 0 0 3.77522333E-8 3.77439413E-8 8.29082983E-12
14.8199997 9.99999046E-2 0 0 2.81155863E-8 2.81104473E-8 5.13860699E-12
14.96 3.99999619E-2 0 0 2.28076935E-8 2.28040467E-8 3.6464512E-12
NO NO NO NO NO NO NO
1.98000002 1.99999809E-2 44.944519 1 NO NO NO
2.01999998 1.99999809E-2 30.9708633 1 NO NO NO
2.05999994 1.99999809E-2 22.4668446 1 NO NO NO
2.0999999 1.99999809E-2 17.1311665 1 NO NO NO
2.13999987 2.00001001E-2 13.5599775 1 NO NO NO
2.18000007 1.99999809E-2 10.844965 1 NO NO NO
2.22000003 1.99999809E-2 9.26809883 1 NO NO NO
2.25999999 1.99999809E-2 8.41626644 1 NO NO NO
2.29999995 1.99999809E-2 6.81219053 1 NO NO NO
2.33999991 1.99999809E-2 5.03491974 1 NO NO NO
2.38000011 2.00001001E-2 2.97596312 1 NO NO NO
2.42000008 1.99999809E-2 0.410717875 1 NO NO NO
2.46000004 1.99999809E-2 0.732907176 1 NO NO NO
2.5 1.99999809E-2 -0.765026271 1 NO NO NO
2.53999996 1.99999809E-2 -2.32747865 1 NO NO NO
2.57999992 1.99999809E-2 -1.90949726 1 NO NO NO
2.61999989 2.00001001E-2 -1.4825927 1 NO NO NO
2.66000009 1.99999809E-2 -0.278881967 1 NO NO NO
2.70000005 1.99999809E-2 -0.262926251 1 NO NO NO
2.74000001 1.99999809E-2 2.42728853 1 NO NO NO
2.77999997 1.99999809E-2 1.92264187 1 NO NO NO
2.81999993 1.99999809E-2 2.37060404 1 NO NO NO
2.86000013 2.00001001E-2 2.97718382 1 NO NO NO
2.9000001 1.99999809E-2 2.00125766 1 NO NO NO
2.94000006 1.99999809E-2 2.3932445 1 NO NO NO
2.98000002 1.99999809E-2 1.10387349 1 NO NO NO
3.01999998 1.99999809E-2 1.74283004 1 NO NO NO
3.05999994 1.99999809E-2 1.88119654E-2 1 NO NO NO
3.0999999 1.99999809E-2 0.249175087 1 NO NO NO
3.13999987 2.00001001E-2 -1.1439631 1 NO NO NO
3.18000007 1.99999809E-2 -1.74863946 1 NO NO NO
3.22000003 1.99999809E-2 -0.635150194 1 NO NO NO
3.25999999 1.99999809E-2 -1.47630215 1 NO NO NO
3.29999995 1.99999809E-2 -1.47291172 1 NO NO NO
3.33999991 1.99999809E-2 -0.37046212 1 NO NO NO
3.38000011 2.00001001E-2 -0.795744777 1 NO NO NO
3.42000008 1.99999809E-2 -0.9172768 1 NO NO NO
3.46000004 1.99999809E-2 -0.976656854 1 NO NO NO
3.5 1.99999809E-2 -0.69183135 1 NO NO NO
3.53999996 1.99999809E-2 -1.12253511 1 NO NO NO
3.57999992 1.99999809E-2 0.83356607 1 NO NO NO
3.61999989 2.00001001E-2 -0.133824274 1 NO NO NO
3.66000009 1.99999809E-2 0.145221353 1 NO NO NO
3.70000005 1.99999809E-2 -0.260958165 1 NO NO NO
3.74000001 1.99999809E-2 1.25567782 1 NO NO NO
3.77999997 1.99999809E-2 -0.395880014 1 NO NO NO
3.81999993 1.99999809E-2 0.877382517 1 NO NO NO
3.86000013 2.00001001E-2 0.332716346 1 NO NO NO
3.92000008 3.99999619E-2 -0.289241791 1 NO NO NO
4 3.99999619E-2 -0.56485939 1 NO NO NO
4.07999992 3.99999619E-2 -1.28850389 1 NO NO NO
4.17999983 5.99999428E-2 -1.04895282 1 NO NO NO
4.30000019 6.00001812E-2 -1.2322017 1 NO NO NO
4.44000006 7.99999237E-2 -4.1540347E-2 1 NO NO NO
4.61999989 9.99999046E-2 1.17945566E-3 1 NO NO NO
4.81999969 0.100000143 -0.293497473 1 NO NO NO
5.01999998 9.99999046E-2 0.406665921 1 NO NO NO
5.22000027 0.100000143 1.03270793 1 NO NO NO
5.42000008 9.99999046E-2 0.918774784 1 NO NO NO
5.61999989 9.99999046E-2 0.225277886 1 NO NO NO
5.81999969 0.100000143 -1.91842746E-2 1 NO NO NO
6.01999998 9.99999046E-2 1.26120698 1 NO NO NO
6.22000027 0.100000143 -0.11507611 1 NO NO NO
6.42000008 9.99999046E-2 -0.782127321 1 NO NO NO
6.61999989 9.99999046E-2 -3.71691696E-2 1 NO NO NO
6.81999969 0.100000143 -0.379754871 1 NO NO NO
7.01999998 9.99999046E-2 -0.22962442 1 NO NO NO
7.22000027 0.100000143 0.731486976 1 NO NO NO
7.42000008 9.99999046E-2 -0.415262878 1 NO NO NO
7.61999989 9.99999046E-2 1.4470768 1 NO NO NO
7.81999969 0.100000143 8.31841007E-2 1 NO NO NO
8.02000046 9.99999046E-2 -0.759282887 1 NO NO NO
8.21999931 9.99999046E-2 0.702104747 1 NO NO NO
8.42000008 0.100000381 -0.551531255 1 NO NO NO
8.62000084 9.99999046E-2 -0.470712781 1 NO NO NO
8.81999969 9.99999046E-2 -0.402004153 1 NO NO NO
9.02000046 9.99999046E-2 -0.343342096 1 NO NO NO
9.21999931 9.99999046E-2 -0.293058366 1 NO NO NO
9.42000008 0.100000381 -0.250002861 1 NO NO NO
9.62000084 9.99999046E-2 -0.213018015 1 NO NO NO
9.81999969 9.99999046E-2 -0.180841595 1 NO NO NO
10.0200005 9.99999046E-2 -0.151900887 1 NO NO NO
10.2199993 9.99999046E-2 -0.126526788 1 NO NO NO
10.4200001 0.100000381 -0.106485888 1 NO NO NO
10.6200008 9.99999046E-2 -9.09272507E-2 1 NO NO NO
10.8199997 9.99999046E-2 -7.76064917E-2 1 NO NO NO
11.0200005 9.99999046E-2 -6.59874752E-2 1 NO NO NO
11.2199993 9.99999046E-2 -5.60238585E-2 1 NO NO NO
11.4200001 0.100000381 -4.72165905E-2 1 NO NO NO
11.6200008 9.99999046E-2 -3.94458659E-2 1 NO NO NO
11.8199997 9.99999046E-2 -3.30939181E-2 1 NO NO NO
12.0200005 9.99999046E-2 -2.80666985E-2 1 NO NO NO
12.2199993 9.99999046E-2 -2.39259154E-2 1 NO NO NO
12.4200001 0.100000381 -2.05362607E-2 1 NO NO NO
12.6200008 9.99999046E-2 -1.7619675E-2 1 NO NO NO
12.8199997 9.99999046E-2 -1.5103003E-2 1 NO NO NO
13.0200005 9.99999046E-2 -1.2921988E-2 1 NO NO NO
13.2199993 9.99999046E-2 -1.10148462E-2 1 NO NO NO
13.4200001 0.100000381 -9.36810393E-3 1 NO NO NO
13.6200008 9.99999046E-2 -7.9762917E-3 1 NO NO NO
13.8199997 9.99999046E-2 -6.80840341E-3 1 NO NO NO
14.0200005 9.99999046E-2 -5.82358101E-3 1 NO NO NO
14.2199993 9.99999046E-2 -4.99138655E-3 1 NO NO NO
14.4200001 0.100000381 -4.27934574E-3 1 NO NO NO
14.6200008 9.99999046E-2 -3.6754671E-3 1 NO NO NO
14.8199997 9.99999046E-2 -3.1551877E-3 1 NO NO NO
14.96 3.99999619E-2 -1.789751E-3 1 NO NO NO
