READ SERR 1 2
@mod_thf2prb.pco
!
1.98000002 1.99999809E-2 8153.8667 103.11644 4185.87451
2.01999998 1.99999809E-2 8239.23535 103.69957 5153.21045
2.05999994 1.99999809E-2 8340.53711 104.00769 5931.70605
2.0999999 1.99999809E-2 8518.58691 104.938499 6484.37842
2.13999987 2.00001001E-2 8405.92871 104.273033 6887.43213
2.18000007 1.99999809E-2 8578.50391 105.407715 7105.26367
2.22000003 1.99999809E-2 8337.40137 103.815735 7255
2.25999999 1.99999809E-2 8471.81738 104.566658 7329.60742
2.29999995 1.99999809E-2 8013.64893 101.758942 7306.6333
2.33999991 1.99999809E-2 7847.24121 100.558311 7231.83154
2.38000011 2.00001001E-2 7578.20801 98.8584137 7086.4209
2.42000008 1.99999809E-2 7219.74268 96.666893 6841.90918
2.46000004 1.99999809E-2 6747.82422 93.2983398 6512.76807
2.5 1.99999809E-2 6366.28662 90.7542419 6167.28467
2.53999996 1.99999809E-2 5515.15625 84.2273712 5690.13037
2.57999992 1.99999809E-2 5027.30859 80.3240814 5237.29639
2.61999989 2.00001001E-2 4731.2627 77.9072876 4796.30957
2.66000009 1.99999809E-2 4440.50537 75.597496 4395.93848
2.70000005 1.99999809E-2 4161.38086 72.9051666 4076.32739
2.74000001 1.99999809E-2 3835.20459 70.0718918 3815.60864
2.77999997 1.99999809E-2 3776.96338 69.6357117 3586.12207
2.81999993 1.99999809E-2 3623.36499 68.0510254 3406.57178
2.86000013 2.00001001E-2 3438.21606 66.3505096 3238.41699
2.9000001 1.99999809E-2 3190.09106 64.0376282 3093.58252
2.94000006 1.99999809E-2 3176.22852 63.8857231 2934.58252
2.98000002 1.99999809E-2 2878.27563 60.64785 2776.94824
3.01999998 1.99999809E-2 2725.21191 59.0630341 2621.23804
3.05999994 1.99999809E-2 2388.28271 55.1358528 2462.1792
3.0999999 1.99999809E-2 2367.98438 55.0709152 2293.177
3.13999987 2.00001001E-2 2056.64209 51.2883072 2122.12646
3.18000007 1.99999809E-2 1883.11523 49.0356293 1960.22571
3.22000003 1.99999809E-2 1726.33826 46.8926277 1802.45605
3.25999999 1.99999809E-2 1555.05261 44.5714378 1659.38403
3.29999995 1.99999809E-2 1441.38147 43.0253983 1510.39343
3.33999991 1.99999809E-2 1301.67505 40.709774 1384.35974
3.38000011 2.00001001E-2 1218.58191 39.4366341 1269.90784
3.42000008 1.99999809E-2 1172.2948 38.6796761 1161.74048
3.46000004 1.99999809E-2 968.626282 35.3863411 1065.81445
3.5 1.99999809E-2 885.074707 33.6606674 975.654907
3.53999996 1.99999809E-2 811.780457 32.1757965 892.636292
3.5999999 4.00000811E-2 724.825012 21.4685001 782.851868
3.68000007 3.99999619E-2 665.990662 20.6417866 652.362488
3.75999999 3.99999619E-2 517.580017 18.088541 544.450195
3.84000015 4.00000811E-2 478.761566 17.4004402 452.717438
3.94000006 5.99999428E-2 338.896271 12.0401783 356.174225
4.07999992 7.99999237E-2 238.130066 8.73447418 251.89093
4.26000023 0.100000143 154.179337 6.24178123 160.610199
4.46000004 9.99999046E-2 94.9262924 4.94027567 96.4930649
4.65999985 0.100000143 63.2072868 4.01563549 57.5742569
4.86000013 9.99999046E-2 39.6610336 3.18844366 34.3995056
5.05999994 9.99999046E-2 32.5887833 2.88829708 20.6128006
5.26000023 0.100000143 16.4045677 2.05605578 12.4364243
5.46000004 9.99999046E-2 8.60348034 1.49090147 7.54509497
5.65999985 0.100000143 6.12489653 1.2631278 4.58008146
5.86000013 9.99999046E-2 4.15478516 1.01803064 2.77036166
6.05999994 9.99999046E-2 2.84202313 0.827791572 1.67934537
6.26000023 0.100000143 2.18662024 0.736243367 1.0303551
6.46000004 9.99999046E-2 0.583886802 0.412870318 0.637704134
6.65999985 0.100000143 0.94733876 0.477924556 0.379824936
6.86000013 9.99999046E-2 0.655397594 0.378393978 0.225814462
7.05999994 9.99999046E-2 0.218465865 0.218465865 0.136254922
7.26000023 0.100000143 0 0 8.2659021E-2
7.46000004 9.99999046E-2 0.218465865 0.218465865 4.99146134E-2
7.65999985 0.100000143 0 0 3.03047244E-2
7.86000013 9.99999046E-2 0 0 1.84419733E-2
8.05999947 9.99999046E-2 0 0 1.12568354E-2
8.26000023 9.99999046E-2 0 0 6.87933946E-3
8.46000004 0.100000381 0.29194203 0.29194203 4.20766044E-3
8.65999985 9.99999046E-2 0 0 2.57628714E-3
8.86000061 9.99999046E-2 0 0 1.57727348E-3
8.97999954 1.99999809E-2 0 0 1.16309803E-3
NO NO NO NO NO
1.98000002 1.99999809E-2 2501.54297 31.6353226 1284.19373
2.01999998 1.99999809E-2 1892.33813 23.8170948 1183.55835
2.05999994 1.99999809E-2 1314.34351 16.3900509 934.747864
2.0999999 1.99999809E-2 1144.15942 14.094635 870.938232
2.13999987 2.00001001E-2 2074.99316 25.7396698 1700.1543
2.18000007 1.99999809E-2 1909.22913 23.459507 1581.34521
2.22000003 1.99999809E-2 1059.39111 13.1913366 921.855896
2.25999999 1.99999809E-2 737.890564 9.10769749 638.404724
2.29999995 1.99999809E-2 819.701172 10.4087324 747.381836
2.33999991 1.99999809E-2 523.981445 6.71454954 482.888885
2.38000011 2.00001001E-2 449.253235 5.86054945 420.098999
2.42000008 1.99999809E-2 933.01825 12.4924078 884.190247
2.46000004 1.99999809E-2 999.638855 13.8214397 964.817078
2.5 1.99999809E-2 256.819702 3.66107869 248.79184
2.53999996 1.99999809E-2 212.154572 3.24002099 218.885391
2.57999992 1.99999809E-2 185.25296 2.95988846 192.99086
2.61999989 2.00001001E-2 168.012711 2.76657963 170.322601
2.66000009 1.99999809E-2 152.217743 2.59143472 150.690033
2.70000005 1.99999809E-2 135.050156 2.36600637 132.289886
2.74000001 1.99999809E-2 117.515121 2.14708424 116.91468
2.77999997 1.99999809E-2 110.201973 2.03178906 104.63372
2.81999993 1.99999809E-2 142.077316 2.66837788 133.576553
2.86000013 2.00001001E-2 86.2276077 1.66401577 81.2168121
2.9000001 1.99999809E-2 86.4177017 1.73474205 83.8033447
2.94000006 1.99999809E-2 80.6597137 1.62236559 74.5231552
2.98000002 1.99999809E-2 61.6963654 1.29999781 59.524395
3.01999998 1.99999809E-2 61.7483978 1.33826208 59.3925362
3.05999994 1.99999809E-2 43.5451469 1.00528252 44.8924866
3.0999999 1.99999809E-2 54.8255234 1.27504706 53.0935249
3.13999987 2.00001001E-2 43.2008591 1.0773381 44.5763893
3.18000007 1.99999809E-2 29.8161449 0.77640146 31.0370674
3.22000003 1.99999809E-2 25.679882 0.697544217 26.8121624
3.25999999 1.99999809E-2 22.5035191 0.645003438 24.0133247
3.29999995 1.99999809E-2 20.3031425 0.606051087 21.275238
3.33999991 1.99999809E-2 17.6297741 0.551369607 18.7496471
3.38000011 2.00001001E-2 15.995121 0.517645717 16.6688251
3.42000008 1.99999809E-2 14.9442825 0.493084192 14.8097382
3.46000004 1.99999809E-2 11.8725491 0.43373391 13.0637932
3.5 1.99999809E-2 10.5259867 0.400318474 11.6032362
3.53999996 1.99999809E-2 9.38362789 0.371930212 10.3182659
3.5999999 4.00000811E-2 8.33864212 0.246981174 9.00620365
3.68000007 3.99999619E-2 6.99121618 0.216686502 6.84815454
3.75999999 3.99999619E-2 5.28211498 0.184600934 5.55633593
3.84000015 4.00000811E-2 4.92063904 0.178839102 4.65296125
3.94000006 5.99999428E-2 3.09872961 0.110090494 3.2567122
4.07999992 7.99999237E-2 1.98224175 7.27074891E-2 2.09678984
4.26000023 0.100000143 1.19594991 4.84167188E-2 1.24583328
4.46000004 9.99999046E-2 0.691557646 3.59909311E-2 0.702971935
4.65999985 0.100000143 0.433189213 2.75210366E-2 0.394583434
4.86000013 9.99999046E-2 0.257584751 2.0707842E-2 0.223412931
5.05999994 9.99999046E-2 0.200231135 1.77461971E-2 0.12664862
5.26000023 0.100000143 9.57610831E-2 1.20021524E-2 7.25971907E-2
5.46000004 9.99999046E-2 4.75879908E-2 8.24654754E-3 4.17337976E-2
5.65999985 0.100000143 3.22870947E-2 6.65851636E-3 2.41436753E-2
5.86000013 9.99999046E-2 2.10163146E-2 5.14954515E-3 1.4013431E-2
6.05999994 9.99999046E-2 1.38406912E-2 4.03135596E-3 8.17843433E-3
6.26000023 0.100000143 1.0165073E-2 3.42261884E-3 4.78987349E-3
6.46000004 9.99999046E-2 2.82988162E-3 2.00102851E-3 3.09071434E-3
6.65999985 0.100000143 4.14543319E-3 2.09133676E-3 1.66206528E-3
6.86000013 9.99999046E-2 2.85791769E-3 1.65001955E-3 9.846834E-4
7.05999994 9.99999046E-2 9.38784855E-4 9.38784855E-4 5.85510512E-4
7.26000023 0.100000143 0 0 3.53362411E-4
7.46000004 9.99999046E-2 9.15711338E-4 9.15711338E-4 2.09219768E-4
7.65999985 0.100000143 0 0 1.25184903E-4
7.86000013 9.99999046E-2 0 0 7.53459681E-5
8.05999947 9.99999046E-2 0 0 4.54111505E-5
8.26000023 9.99999046E-2 0 0 2.74376089E-5
8.46000004 0.100000381 1.15333393E-3 1.15333393E-3 1.66226073E-5
8.65999985 9.99999046E-2 0 0 1.00913176E-5
8.86000061 9.99999046E-2 0 0 6.13270731E-6
8.97999954 1.99999809E-2 0 0 4.50520383E-6
NO NO NO NO NO
1.98000002 1.99999809E-2 38.7954597 1 NO
2.01999998 1.99999809E-2 27.1934128 1 NO
2.05999994 1.99999809E-2 19.7842522 1 NO
2.0999999 1.99999809E-2 15.9795456 1 NO
2.13999987 2.00001001E-2 11.5741606 1 NO
2.18000007 1.99999809E-2 11.0557117 1 NO
2.22000003 1.99999809E-2 8.03845692 1 NO
2.25999999 1.99999809E-2 8.43934059 1 NO
2.29999995 1.99999809E-2 5.23207092 1 NO
2.33999991 1.99999809E-2 4.57765865 1 NO
2.38000011 2.00001001E-2 3.69545388 1 NO
2.42000008 1.99999809E-2 2.88944864 1 NO
2.46000004 1.99999809E-2 1.84243512 1 NO
2.5 1.99999809E-2 1.60292673 1 NO
2.53999996 1.99999809E-2 -1.46728897 1 NO
2.57999992 1.99999809E-2 -1.83545387 1 NO
2.61999989 2.00001001E-2 -0.594124436 1 NO
2.66000009 1.99999809E-2 0.42519331 1 NO
2.70000005 1.99999809E-2 0.842678964 1 NO
2.74000001 1.99999809E-2 0.20067279 1 NO
2.77999997 1.99999809E-2 2.01587081 1 NO
2.81999993 1.99999809E-2 2.34957862 1 NO
2.86000013 2.00001001E-2 2.22091436 1 NO
2.9000001 1.99999809E-2 1.09758449 1 NO
2.94000006 1.99999809E-2 2.82169271 1 NO
2.98000002 1.99999809E-2 1.21631408 1 NO
3.01999998 1.99999809E-2 1.2846185 1 NO
3.05999994 1.99999809E-2 -0.942034662 1 NO
3.0999999 1.99999809E-2 0.988161981 1 NO
3.13999987 2.00001001E-2 -0.899199069 1 NO
3.18000007 1.99999809E-2 -1.10170043 1 NO
3.22000003 1.99999809E-2 -1.13411605 1 NO
3.25999999 1.99999809E-2 -1.62011218 1 NO
3.29999995 1.99999809E-2 -1.12326622 1 NO
3.33999991 1.99999809E-2 -1.40573561 1 NO
3.38000011 2.00001001E-2 -0.911077142 1 NO
3.42000008 1.99999809E-2 0.195874006 1 NO
3.46000004 1.99999809E-2 -1.88310897 1 NO
3.5 1.99999809E-2 -1.83437598 1 NO
3.53999996 1.99999809E-2 -1.71189582 1 NO
3.5999999 4.00000811E-2 -1.85527229 1 NO
3.68000007 3.99999619E-2 0.477322906 1 NO
3.75999999 3.99999619E-2 -1.03017175 1 NO
3.84000015 4.00000811E-2 1.09500194 1 NO
3.94000006 5.99999428E-2 -1.00305593 1 NO
4.07999992 7.99999237E-2 -1.09691465 1 NO
4.26000023 0.100000143 -0.717746079 1 NO
4.46000004 9.99999046E-2 -0.225604206 1 NO
4.65999985 0.100000143 1.05006588 1 NO
4.86000013 9.99999046E-2 1.26889014 1 NO
5.05999994 9.99999046E-2 3.73104763 1 NO
5.26000023 0.100000143 1.59157944 1 NO
5.46000004 9.99999046E-2 0.545003831 1 NO
5.65999985 0.100000143 1.0210067 1 NO
5.86000013 9.99999046E-2 1.17649162 1 NO
6.05999994 9.99999046E-2 1.26904631 1 NO
6.26000023 0.100000143 1.6112119 1 NO
6.46000004 9.99999046E-2 -9.53236669E-2 1 NO
6.65999985 0.100000143 1.3024869 1 NO
6.86000013 9.99999046E-2 1.27867305 1 NO
7.05999994 9.99999046E-2 0.315022558 1 NO
7.26000023 0.100000143 -0.406662196 1 NO
7.46000004 9.99999046E-2 1.06710291 1 NO
7.65999985 0.100000143 -0.24623163 1 NO
7.86000013 9.99999046E-2 -0.192084283 1 NO
8.05999947 9.99999046E-2 -0.150070831 1 NO
8.26000023 9.99999046E-2 -0.117317155 1 NO
8.46000004 0.100000381 6.27423191 1 NO
8.65999985 9.99999046E-2 -7.17935264E-2 1 NO
8.86000061 9.99999046E-2 -5.61748147E-2 1 NO
8.97999954 1.99999809E-2 -2.15730388E-2 1 NO
