time,livetime,counts,countrate
2018-09-28T18:47:48.000,0.7116396714531407,0,0.0
2018-09-28T18:47:49.000,0.7483189789237494,0,0.0
2018-09-28T18:47:50.000,0.7414155359775597,0,0.0
2018-09-28T18:47:51.000,0.7118843157651982,0,0.0
2018-09-28T18:47:52.000,0.6941887023674039,0,0.0
2018-09-28T18:47:53.000,0.7614359609796745,0,0.0
2018-09-28T18:47:54.000,0.7164872900097852,0,0.0
2018-09-28T18:47:55.000,0.7025184275286668,0,0.0
2018-09-28T18:47:56.000,0.6971720168727367,0,0.0
2018-09-28T18:47:57.000,0.7288763375551207,0,0.0
2018-09-28T18:47:58.000,0.6885461585124206,0,0.0
2018-09-28T18:47:59.000,0.7132078299353182,0,0.0
2018-09-28T18:48:00.000,0.7110802999947525,0,0.0
2018-09-28T18:48:01.000,0.6778729457735697,0,0.0
2018-09-28T18:48:02.000,0.68222505168029,0,0.0
2018-09-28T18:48:03.000,0.6685564173364336,0,0.0
2018-09-28T18:48:04.000,0.679024648910049,0,0.0
2018-09-28T18:48:05.000,0.6957927626562985,0,0.0
2018-09-28T18:48:06.000,0.6303812286998016,0,0.0
2018-09-28T18:48:07.000,0.668124396501976,0,0.0
2018-09-28T18:48:08.000,0.6903958244168134,0,0.0
2018-09-28T18:48:09.000,0.6297807273983873,0,0.0
2018-09-28T18:48:10.000,0.639647156571623,0,0.0
2018-09-28T18:48:11.000,0.6681071599312371,0,0.0
2018-09-28T18:48:12.000,0.6689435329307396,0,0.0
2018-09-28T18:48:13.000,0.7072924245464054,0,0.0
2018-09-28T18:48:14.000,0.6480274286559196,0,0.0
2018-09-28T18:48:15.000,0.6565970775257854,0,0.0
2018-09-28T18:48:16.000,0.6682300551835028,0,0.0
2018-09-28T18:48:17.000,0.6551145592555662,0,0.0
2018-09-28T18:48:18.000,0.6587487980854035,0,0.0
2018-09-28T18:48:19.000,0.6728130705915559,0,0.0
2018-09-28T18:48:20.000,0.6775248757499984,0,0.0
2018-09-28T18:48:21.000,0.7246593557955259,0,0.0
2018-09-28T18:48:22.000,0.6754468786944013,0,0.0
2018-09-28T18:48:23.000,0.6635425606871951,0,0.0
2018-09-28T18:48:24.000,0.6903670872200257,0,0.0
2018-09-28T18:48:25.000,0.6819256573420432,0,0.0
2018-09-28T18:48:26.000,0.6752614855964394,0,0.0
2018-09-28T18:48:27.000,0.7210795373803895,0,0.0
2018-09-28T18:48:28.000,0.6795967554136987,0,0.0
2018-09-28T18:48:29.000,0.6957323506475048,0,0.0
2018-09-28T18:48:30.000,0.7036076889972668,0,0.0
2018-09-28T18:48:31.000,0.7272006302235314,0,0.0
2018-09-28T18:48:32.000,0.7141691351053225,83,116.21896819688172
2018-09-28T18:48:33.000,0.690417921053697,110,159.32379019380173
2018-09-28T18:48:34.000,0.7299257686308752,90,123.300209237459
2018-09-28T18:48:35.000,0.7477052087259912,72,96.29463478351343
2018-09-28T18:48:36.000,0.733444905532212,80,109.07431409854752
2018-09-28T18:48:37.000,0.6931686804786044,94,135.6091275432365
2018-09-28T18:48:38.000,0.7321882024483559,79,107.89575649516448
2018-09-28T18:48:39.000,0.6958796680075948,91,130.76973532011115
2018-09-28T18:48:40.000,0.7199398141898431,85,118.0654248100607
2018-09-28T18:48:41.000,0.7034825202708385,91,129.35644792562195
2018-09-28T18:48:42.000,0.7012906479094224,96,136.89046087550167
2018-09-28T18:48:43.000,0.7001330662116666,89,127.11869256735436
2018-09-28T18:48:44.000,0.7098402015603101,93,131.01540289712437
2018-09-28T18:48:45.000,0.6939392703775352,79,113.8428150305146
2018-09-28T18:48:46.000,0.70898457134176,93,131.1735173926234
2018-09-28T18:48:47.000,0.6909775503240367,89,128.8030268975643
2018-09-28T18:48:48.000,0.6846329570188884,97,141.68175663404978
2018-09-28T18:48:49.000,0.6728541272230364,99,147.1344173938368
2018-09-28T18:48:50.000,0.6774586871956086,96,141.70605796996898
2018-09-28T18:48:51.000,0.6721721341109738,100,148.77141572115556
2018-09-28T18:48:52.000,0.7202680528244702,82,113.8465043374393
2018-09-28T18:48:53.000,0.7027105101754401,96,136.6138667486736
2018-09-28T18:48:54.000,0.6769737954176877,100,147.71620508338992
2018-09-28T18:48:55.000,0.6950679901577048,86,123.7289030969292
2018-09-28T18:48:56.000,0.677702309062319,100,147.5574137239724
2018-09-28T18:48:57.000,0.6714685864516203,90,134.0345651545749
2018-09-28T18:48:58.000,0.672555374826058,103,153.14724088947878
2018-09-28T18:48:59.000,0.718114520288377,86,119.75805748289916
2018-09-28T18:49:00.000,0.6984115589829709,96,137.45476970598182
2018-09-28T18:49:01.000,0.6788661545726513,94,138.46617535259708
2018-09-28T18:49:02.000,0.6677329750695997,106,158.74609156295048
2018-09-28T18:49:03.000,0.6804612355254773,99,145.48955154447341
2018-09-28T18:49:04.000,0.6677953509524048,105,157.2337990227841
2018-09-28T18:49:05.000,0.7249749433248739,84,115.86607340490959
2018-09-28T18:49:06.000,0.7184921174378757,87,121.08692341711382
2018-09-28T18:49:07.000,0.6761083310646686,101,149.3843447261701
2018-09-28T18:49:08.000,0.6889775942120528,93,134.98261885621864
2018-09-28T18:49:09.000,0.6687279535589893,98,146.5468872333528
2018-09-28T18:49:10.000,0.6561700523291686,109,166.11547511668516
2018-09-28T18:49:11.000,0.7078877391708217,89,125.72614988959887
2018-09-28T18:49:12.000,0.6635486812059249,100,150.7048432652466
2018-09-28T18:49:13.000,0.6870817724183993,91,132.44420628376886
2018-09-28T18:49:14.000,0.692350916177849,94,135.76930109218424
2018-09-28T18:49:15.000,0.69174889989105,93,134.44184734467584
2018-09-28T18:49:16.000,0.7185171637886232,85,118.29919211923755
2018-09-28T18:49:17.000,0.6718688246891623,105,156.28050616662838
2018-09-28T18:49:18.000,0.6974884569460519,95,136.20297089353537
2018-09-28T18:49:19.000,0.6594738123146204,98,148.60332308881183
2018-09-28T18:49:20.000,0.7128542254960366,88,123.44739899488647
2018-09-28T18:49:21.000,0.6990759523909844,93,133.03275514187087
2018-09-28T18:49:22.000,0.6887828841672009,92,133.5689403943829
2018-09-28T18:49:23.000,0.675800717177695,86,127.25644974032659
2018-09-28T18:49:24.000,0.7044861198138699,94,133.43059196799427
2018-09-28T18:49:25.000,0.7145922648337315,82,114.7507523315823
2018-09-28T18:49:26.000,0.640580070291091,113,176.40261575520262
2018-09-28T18:49:27.000,0.6883864699983915,89,129.28784030314827
2018-09-28T18:49:28.000,0.681317260245772,98,143.83900969226642
2018-09-28T18:49:29.000,0.6735949435618321,106,157.3646016988989
2018-09-28T18:49:30.000,0.6595727875794462,113,171.32301715280977
2018-09-28T18:49:31.000,0.6804362745651851,106,155.78240602727496
2018-09-28T18:49:32.000,0.6834208505430966,93,136.0801326533941
2018-09-28T18:49:33.000,0.735061087072267,80,108.83449199934978
2018-09-28T18:49:34.000,0.7205958639238147,88,122.12115612323836
2018-09-28T18:49:35.000,0.698720204764062,87,124.51335943459289
2018-09-28T18:49:36.000,0.6635411878575165,101,152.2136106216935
2018-09-28T18:49:37.000,0.7087716963605406,84,118.51489052304167
2018-09-28T18:49:38.000,0.7001367347202727,93,132.83119623362788
2018-09-28T18:49:39.000,0.6896630989318143,89,129.0485167871788
2018-09-28T18:49:40.000,0.7296188320710422,76,104.16397803805586
2018-09-28T18:49:41.000,0.6888295595987068,100,145.17379314885565
2018-09-28T18:49:42.000,0.6871856119368434,95,138.2450364934752
2018-09-28T18:49:43.000,0.7088288983929882,89,125.55921492729082
2018-09-28T18:49:44.000,0.6947190935521724,89,128.1093334356676
2018-09-28T18:49:45.000,0.695229907449279,101,145.2756835081473
2018-09-28T18:49:46.000,0.6834221874687721,94,137.5430908208481
2018-09-28T18:49:47.000,0.7048764578795361,88,124.84457243008002
2018-09-28T18:49:48.000,0.7278537275755848,85,116.78170596601511
2018-09-28T18:49:49.000,0.685504385324521,91,132.7489684211432
2018-09-28T18:49:50.000,0.7026475560326523,83,118.12465479655488
2018-09-28T18:49:51.000,0.6778368179796551,98,144.5775699999545
2018-09-28T18:49:52.000,0.7162616352140724,91,127.04854696399092
2018-09-28T18:49:53.000,0.698796450270414,92,131.65493322754955
2018-09-28T18:49:54.000,0.6998179210338359,88,125.74699411812468
2018-09-28T18:49:55.000,0.6763344590324022,101,149.3343990553071
2018-09-28T18:49:56.000,0.6780594957932813,98,144.5300900702629
2018-09-28T18:49:57.000,0.7184216793891739,91,126.66655616151678
2018-09-28T18:49:58.000,0.6897409737569935,92,133.38340551073748
2018-09-28T18:49:59.000,0.7113950204268572,91,127.91767918954145
2018-09-28T18:50:00.000,0.6691973512349164,99,147.93842177843115
2018-09-28T18:50:01.000,0.6872525642786085,94,136.77649947900798
2018-09-28T18:50:02.000,0.6781047862674559,104,153.3686269528566
2018-09-28T18:50:03.000,0.6912218772369211,92,133.09763916581934
2018-09-28T18:50:04.000,0.6649072873893652,104,156.41278411661972
2018-09-28T18:50:05.000,0.6958453198026066,103,148.02140226971486
2018-09-28T18:50:06.000,0.6660582922060428,98,147.13426909740213
2018-09-28T18:50:07.000,0.6722455022997997,104,154.7053861189232
2018-09-28T18:50:08.000,0.6910741745614379,90,130.23204065918804
2018-09-28T18:50:09.000,0.6885592662032282,97,140.87385757636505
2018-09-28T18:50:10.000,0.716671890949363,90,125.5804799052165
2018-09-28T18:50:11.000,0.6797169507793043,96,141.23525960318446
2018-09-28T18:50:12.000,0.7124135958095849,92,129.13846751542053
2018-09-28T18:50:13.000,0.6745365564795746,0,0.0
